# ДАННЫЕ ДЛЯ АНАЛИЗА ЭВОЛЮЦИИ ВСЕЛЕННОЙ (p = КОНСТАНТА)
# Формат: a, N, p, lambda, hbar, c, G, e, alpha, epsilon_0, mu_0, em_check, T, R, H, age
# Все величины в СИ
#
a	N	p	lambda	hbar	c	G	e	alpha_em	epsilon_0	mu_0	em_check	T	R	H	age	m_e	m_proton
1.000000e-32	1.000000e+00	5.270179e-02	8.211290e+01	7.652933e-07	3.375589e+01	1.773347e-25	1.602000e-19	1.160558e+00	8.854000e-12	1.019430e-17	1.028481e-25	2.034878e+28	1.178449e-01	2.864433e+02	3.491092e-03	1.155623e-03	2.406686e-07
4.498433e-32	3.235459e+02	5.270179e-02	2.233229e-02	2.822601e-01	1.241160e+05	8.629251e+02	1.079560e-07	2.746551e-01	7.935002e-20	8.180837e+08	1.000000e+00	2.112213e+24	1.135302e+03	1.093241e+02	9.147111e-03	2.275763e+03	1.742643e+03
2.023590e-31	1.046820e+05	5.270179e-02	5.583073e-03	6.339126e-01	4.964638e+05	8.237734e+06	8.434060e-10	1.557583e-01	1.039016e-24	3.904832e+12	1.000000e+00	2.015371e+23	1.189855e+04	4.172472e+01	2.396661e-02	5.303978e+03	1.624587e+04
9.102982e-31	3.386943e+07	5.270179e-02	2.481366e-03	4.615820e-01	1.117044e+06	7.881748e+08	4.936258e-11	1.087018e-01	3.217613e-27	2.490726e+14	1.000000e+00	3.418612e+22	7.014543e+04	1.592468e+01	6.279560e-02	3.911302e+03	2.695537e+04
4.094915e-30	1.095831e+10	5.270179e-02	1.395768e-03	2.111456e-01	1.985855e+06	1.145505e+10	6.589110e-12	8.348112e-02	9.339920e-29	2.714949e+15	1.000000e+00	7.339216e+21	3.267379e+05	6.077824e+00	1.645326e-01	1.800657e+03	2.206136e+04
1.842070e-29	3.545518e+12	5.270179e-02	8.932917e-04	7.480012e-02	3.102899e+06	5.928051e+10	1.381836e-12	6.775971e-02	9.240558e-30	1.124001e+16	1.000000e+00	1.792697e+21	1.337649e+06	2.319666e+00	4.310966e-01	6.403623e+02	1.225878e+04
8.286428e-29	1.147138e+15	5.270179e-02	6.203414e-04	2.253523e-02	4.468174e+06	1.596491e+11	3.856452e-13	5.702130e-02	1.985637e-30	2.522551e+16	1.000000e+00	4.751403e+20	5.046931e+06	8.853251e-01	1.129529e+00	1.934218e+02	5.331990e+03
3.727594e-28	3.711518e+17	5.270179e-02	4.557611e-04	6.070189e-03	6.081682e+06	2.739491e+11	1.310872e-13	4.922087e-02	7.287124e-31	3.710192e+16	1.000000e+00	1.332311e+20	1.799880e+07	3.378937e-01	2.959510e+00	5.219721e+01	1.958505e+03
1.676833e-27	1.200847e+20	5.270179e-02	3.489421e-04	1.506338e-03	7.943421e+06	3.379837e+11	5.147742e-14	4.329781e-02	3.956895e-31	4.005256e+16	1.000000e+00	3.893131e+19	6.159566e+07	1.289607e-01	7.754299e+00	1.297089e+01	6.356691e+02
7.543120e-27	3.885291e+22	5.270179e-02	2.757073e-04	3.510898e-04	1.005339e+07	3.241088e+11	2.257091e-14	3.864714e-02	2.898023e-31	3.414073e+16	1.000000e+00	1.174009e+19	2.042574e+08	4.921923e-02	2.031726e+01	3.026457e+00	1.877158e+02
3.393222e-26	1.257070e+25	5.270179e-02	2.233229e-04	7.788025e-05	1.241160e+07	2.547800e+11	1.079560e-14	3.489864e-02	2.687540e-31	2.415405e+16	1.000000e+00	3.629391e+18	6.607170e+08	1.878504e-02	5.323385e+01	6.719225e-01	5.145180e+01
1.526418e-25	4.067199e+27	5.270179e-02	1.845644e-04	1.659760e-05	1.501803e+07	1.705308e+11	5.539848e-15	3.181301e-02	3.016749e-31	1.469721e+16	1.000000e+00	1.144790e+18	2.094708e+09	7.169510e-03	1.394795e+02	1.432995e-01	1.327735e+01
6.866488e-25	1.315926e+30	5.270179e-02	1.550854e-04	3.422140e-06	1.787270e+07	9.994811e+10	3.012853e-15	2.922869e-02	3.964622e-31	7.896197e+15	1.000000e+00	3.671351e+17	6.531656e+09	2.736320e-03	3.654544e+02	2.956334e-02	3.259848e+00
3.088844e-24	4.257624e+32	5.270179e-02	1.321437e-04	6.862522e-07	2.097560e+07	5.239900e+10	1.720455e-15	2.703270e-02	5.947947e-31	3.821239e+15	1.000000e+00	1.193930e+17	2.008492e+10	1.044345e-03	9.575376e+02	5.931392e-03	7.675819e-01
1.389495e-23	1.377537e+35	5.270179e-02	1.139403e-04	1.343974e-07	2.432673e+07	2.498231e+10	1.024119e-15	2.514363e-02	9.988573e-31	1.691723e+15	1.000000e+00	3.929045e+16	6.103264e+10	3.985855e-04	2.508872e+03	1.162118e-03	1.744165e-01
6.250552e-23	4.456964e+37	5.270179e-02	9.925463e-05	2.578916e-08	2.792609e+07	1.097486e+10	6.318411e-16	2.350133e-02	1.848619e-30	6.936369e+14	1.000000e+00	1.306285e+16	1.835740e+11	1.521244e-04	6.573568e+03	2.230785e-04	3.843452e-02
2.811769e-22	1.442033e+40	5.270179e-02	8.723552e-05	4.861446e-09	3.177369e+07	4.489657e+09	4.021673e-16	2.206041e-02	3.723463e-30	2.660221e+14	1.000000e+00	4.381853e+15	5.472571e+11	5.805989e-05	1.722359e+04	4.206561e-05	8.246099e-03
1.264855e-21	4.665638e+42	5.270179e-02	7.727437e-05	9.022174e-10	3.586951e+07	1.725166e+09	2.630899e-16	2.078599e-02	8.078720e-30	9.620696e+13	1.000000e+00	1.481417e+15	1.618721e+12	2.215917e-05	4.512804e+04	7.809040e-06	1.728132e-03
5.689866e-21	1.509548e+45	5.270179e-02	6.892683e-05	1.651389e-10	4.021357e+07	6.271376e+08	1.763352e-16	1.965076e-02	1.872146e-29	3.303049e+13	1.000000e+00	5.043215e+14	4.754904e+12	8.457284e-06	1.182413e+05	1.429706e-06	3.547097e-04
2.559548e-20	4.884082e+47	5.270179e-02	6.186230e-05	2.985583e-11	4.480586e+07	2.169777e+08	1.207734e-16	1.863312e-02	4.600916e-29	1.082645e+13	1.000000e+00	1.727518e+14	1.388119e+13	3.227812e-06	3.098074e+05	2.585388e-07	7.146844e-05
1.151395e-19	1.580225e+50	5.270179e-02	5.583073e-05	5.338265e-12	4.964638e+07	7.181118e+07	8.434060e-17	1.771568e-02	1.191895e-28	3.403978e+12	1.000000e+00	5.950414e+13	4.029972e+13	1.231929e-06	8.117353e+05	4.623661e-08	1.416209e-05
5.179475e-19	5.112753e+52	5.270179e-02	5.064012e-05	9.449986e-13	5.473514e+07	2.283366e+07	5.993929e-17	1.688435e-02	3.238074e-28	1.030815e+12	1.000000e+00	2.059899e+13	1.164135e+14	4.701787e-07	2.126851e+06	8.186493e-09	2.764508e-06
2.329952e-18	1.654211e+55	5.270179e-02	4.614110e-05	1.657776e-13	6.007212e+07	7.001392e+06	4.328006e-17	1.612755e-02	9.184758e-28	3.017077e+11	1.000000e+00	7.163355e+12	3.347594e+14	1.794487e-07	5.572624e+06	1.436369e-09	5.323446e-07
1.048113e-17	5.352131e+57	5.270179e-02	4.221605e-05	2.884258e-14	6.565734e+07	2.076929e+06	3.170676e-17	1.543567e-02	2.709662e-27	8.560879e+10	1.000000e+00	2.501402e+12	9.586624e+14	6.848849e-08	1.460099e+07	2.499433e-10	1.012461e-07
4.714866e-17	1.731660e+60	5.270179e-02	3.877134e-05	4.980361e-15	7.149079e+07	5.977378e+05	2.353791e-17	1.480072e-02	8.286587e-27	2.361153e+10	1.000000e+00	8.767868e+11	2.734986e+15	2.613936e-08	3.825648e+07	4.316480e-11	1.903854e-08
2.120951e-16	5.602716e+62	5.270179e-02	3.573167e-05	8.540317e-16	7.757247e+07	1.673115e+05	1.768751e-17	1.421595e-02	2.619235e-26	6.344688e+09	1.000000e+00	3.083996e+11	7.775626e+15	9.976364e-09	1.002369e+08	7.402859e-12	3.542916e-09
9.540955e-16	1.812736e+65	5.270179e-02	3.303594e-05	1.455157e-16	8.390239e+07	4.564717e+04	1.344105e-17	1.367562e-02	8.534661e-26	1.664428e+09	1.000000e+00	1.088240e+11	2.203559e+16	3.807585e-09	2.626336e+08	1.261501e-12	6.530036e-10
4.291934e-15	5.865033e+67	5.270179e-02	3.063415e-05	2.464777e-17	9.048053e+07	1.216228e+04	1.032049e-17	1.317487e-02	2.860314e-25	4.270473e+08	1.000000e+00	3.851421e+10	6.226273e+16	1.453205e-09	6.881340e+08	2.136997e-13	1.192924e-10
1.930698e-14	1.897608e+70	5.270179e-02	2.848507e-05	4.152068e-18	9.730691e+07	3.170138e+03	8.000930e-18	1.270949e-02	9.839384e-25	1.073358e+08	1.000000e+00	1.366815e+10	1.754443e+17	5.546312e-10	1.803000e+09	3.600275e-14	2.161390e-11
8.685114e-14	6.139633e+72	5.270179e-02	2.655445e-05	6.958846e-19	1.043815e+08	8.096033e+02	6.258362e-18	1.227587e-02	3.467799e-24	2.646664e+07	1.000000e+00	4.863033e+09	4.931079e+17	2.116809e-10	4.724092e+09	6.034624e-15	3.886221e-12
3.906940e-13	1.986453e+75	5.270179e-02	2.481366e-05	1.160769e-19	1.117044e+08	2.028612e+02	4.936258e-18	1.187086e-02	1.250136e-23	6.410655e+06	1.000000e+00	1.734355e+09	1.382646e+18	8.079026e-11	1.237773e+10	1.006695e-15	6.937800e-13
1.757511e-12	6.427088e+77	5.270179e-02	2.323860e-05	1.927639e-20	1.192754e+08	4.993451e+01	3.923872e-18	1.149172e-02	4.602929e-23	1.527087e+06	1.000000e+00	6.199184e+08	3.868251e+18	3.083446e-11	3.243125e+10	1.671916e-16	1.230323e-13
7.906043e-12	2.079458e+80	5.270179e-02	2.180888e-05	3.187860e-21	1.270947e+08	1.208838e+01	3.141932e-18	1.113605e-02	1.728631e-22	3.581316e+05	1.000000e+00	2.220421e+08	1.079975e+19	1.176830e-11	8.497405e+10	2.765172e-17	2.168221e-14
3.556480e-11	6.728003e+82	5.270179e-02	2.050716e-05	5.251431e-22	1.351623e+08	2.881019e+00	2.533081e-18	1.080173e-02	6.613513e-22	8.276691e+04	1.000000e+00	7.968649e+07	3.009293e+19	4.491496e-12	2.226430e+11	4.555465e-18	3.798761e-15
1.599859e-10	2.176818e+85	5.270179e-02	1.931859e-05	8.619100e-23	1.434780e+08	6.766131e-01	2.055390e-18	1.048690e-02	2.574797e-21	1.886627e+04	1.000000e+00	2.865049e+07	8.369838e+19	1.714227e-12	5.833532e+11	7.477343e-19	6.618910e-16
7.196857e-10	7.043006e+87	5.270179e-02	1.823044e-05	1.409758e-23	1.520420e+08	1.567188e-01	1.677917e-18	1.018991e-02	1.019049e-20	4.245000e+03	1.000000e+00	1.031885e+07	2.323903e+20	6.542530e-13	1.528461e+12	1.223090e-19	1.147297e-16
3.237458e-09	2.278736e+90	5.270179e-02	1.723171e-05	2.298318e-24	1.608543e+08	3.582838e-02	1.377619e-18	9.909273e-03	4.096241e-20	9.435159e+02	1.000000e+00	3.722542e+06	6.441834e+20	2.497026e-13	4.004764e+12	1.994119e-20	1.978962e-17
1.456348e-08	7.372757e+92	5.270179e-02	1.631285e-05	3.735391e-25	1.699147e+08	8.090389e-03	1.137194e-18	9.643680e-03	1.670881e-19	2.072966e+02	1.000000e+00	1.344988e+06	1.782915e+21	9.530165e-14	1.049300e+13	3.241176e-21	3.397718e-18
6.551286e-08	2.385426e+95	5.270179e-02	1.546558e-05	6.053326e-26	1.792234e+08	1.805652e-03	9.435425e-19	9.391953e-03	6.910912e-19	4.504795e+01	1.000000e+00	4.866672e+05	4.927391e+21	3.637288e-14	2.749301e+13	5.252726e-22	5.808090e-19
2.947052e-07	7.717948e+97	5.270179e-02	1.468264e-05	9.782500e-27	1.887804e+08	3.985519e-04	7.866733e-19	9.153033e-03	2.896286e-18	9.688240e+00	1.000000e+00	1.763386e+05	1.359884e+22	1.388210e-14	7.203522e+13	8.489136e-23	9.887217e-20
1.325711e-06	2.497111e+100	5.270179e-02	1.395768e-05	1.576755e-27	1.985855e+08	8.704939e-05	6.589110e-19	8.925967e-03	1.229064e-17	2.063148e+00	1.000000e+00	6.397849e+04	3.748135e+22	5.298250e-15	1.887416e+14	1.368358e-23	1.676490e-20
5.963623e-06	8.079300e+102	5.270179e-02	1.328512e-05	2.535092e-28	2.086389e+08	1.882358e-05	5.543189e-19	8.709895e-03	5.277963e-17	4.352542e-01	1.000000e+00	2.324147e+04	1.031776e+23	2.022133e-15	4.945272e+14	2.200138e-24	2.832037e-21
2.682696e-05	2.614025e+105	5.270179e-02	1.266003e-05	4.066215e-29	2.189405e+08	4.031845e-06	4.682757e-19	8.504036e-03	2.292284e-16	9.100792e-02	1.000000e+00	8.452985e+03	2.836868e+23	7.717686e-16	1.295725e+15	3.529119e-25	4.767012e-22
1.206793e-04	8.457570e+107	5.270179e-02	1.207804e-05	6.507331e-30	2.294904e+08	8.557860e-07	3.971618e-19	8.307683e-03	1.006351e-15	1.886780e-02	1.000000e+00	3.077862e+03	7.791123e+23	2.945537e-16	3.394967e+15	5.648038e-26	7.996794e-23
5.428675e-04	2.736412e+110	5.270179e-02	1.153527e-05	1.039146e-30	2.402885e+08	1.800808e-07	3.381255e-19	8.120193e-03	4.463697e-15	3.880068e-03	1.000000e+00	1.121910e+03	2.137426e+24	1.124195e-16	8.895251e+15	9.019640e-27	1.337137e-23
2.442053e-03	8.853551e+112	5.270179e-02	1.102829e-05	1.655973e-31	2.513348e+08	3.758197e-08	2.889077e-19	7.940979e-03	1.999416e-14	7.917564e-04	1.000000e+00	4.093697e+02	5.857786e+24	4.290611e-17	2.330670e+16	1.437418e-27	2.228895e-24
1.098541e-02	2.864530e+115	5.270179e-02	1.055401e-05	2.633740e-32	2.626294e+08	7.781427e-09	2.477090e-19	7.769505e-03	9.040395e-14	1.603711e-04	1.000000e+00	1.495211e+02	1.603787e+25	1.637557e-17	6.106657e+16	2.286226e-28	3.704386e-25
4.941713e-02	9.268072e+117	5.270179e-02	1.010968e-05	4.180920e-33	2.741722e+08	1.599022e-09	2.130893e-19	7.605280e-03	4.124509e-13	3.225382e-05	1.000000e+00	5.466378e+01	4.386817e+25	6.249911e-18	1.600023e+17	3.629393e-29	6.139189e-26
2.222996e-01	2.998647e+120	5.270179e-02	9.692835e-06	6.624987e-34	2.859632e+08	3.262144e-10	1.838900e-19	7.447853e-03	1.897987e-12	6.442976e-06	1.000000e+00	2.000278e+01	1.198834e+26	2.385345e-18	4.192266e+17	5.751249e-30	1.014673e-26
1.000000e+00	9.702000e+122	5.270179e-02	9.301246e-06	1.047960e-34	2.980024e+08	6.608993e-11	1.591747e-19	7.296812e-03	8.806364e-12	1.278686e-06	1.000000e+00	7.325848e+00	3.273341e+26	9.103922e-19	1.098428e+18	9.097797e-31	1.672668e-27
